4.096817970275878906e-02
1.852223873138427734e-01
1.714003086090087891e-01
2.270755767822265625e-01
2.167825698852539062e-01
1.827766895294189453e-01
1.793966293334960938e-01
1.876363754272460938e-01
1.897046566009521484e-01
1.921024322509765625e-01
2.944767475128173828e-01
1.424212455749511719e-01
1.764481067657470703e-01
1.732857227325439453e-01
1.802747249603271484e-01
1.710517406463623047e-01
1.452343463897705078e-01
1.452476978302001953e-01
1.663565635681152344e-01
1.631982326507568359e-01
1.434721946716308594e-01
1.751432418823242188e-01
1.662302017211914062e-01
1.487948894500732422e-01
1.852128505706787109e-01
1.850585937500000000e-01
1.569449901580810547e-01
1.818964481353759766e-01
1.485629081726074219e-01
2.339215278625488281e-01
1.481592655181884766e-01
1.665709018707275391e-01
1.871376037597656250e-01
2.822718620300292969e-01
1.270728111267089844e-01
2.002787590026855469e-01
1.586937904357910156e-01
1.671969890594482422e-01
1.930265426635742188e-01
2.325034141540527344e-01
1.753258705139160156e-01
1.816949844360351562e-01
1.447076797485351562e-01
1.859893798828125000e-01
1.782581806182861328e-01
1.621670722961425781e-01
1.952574253082275391e-01
2.027118206024169922e-01
1.641633510589599609e-01
1.986727714538574219e-01
1.960859298706054688e-01
2.268235683441162109e-01
2.334492206573486328e-01
1.925129890441894531e-01
1.920137405395507812e-01
1.859512329101562500e-01
1.563098430633544922e-01
1.516196727752685547e-01
1.684279441833496094e-01
1.921620368957519531e-01
1.622779369354248047e-01
1.728537082672119141e-01
1.749546527862548828e-01
1.588647365570068359e-01
2.207472324371337891e-01
1.536703109741210938e-01
1.805081367492675781e-01
1.787111759185791016e-01
1.533448696136474609e-01
1.909165382385253906e-01
1.706175804138183594e-01
2.471871376037597656e-01
1.711790561676025391e-01
1.417970657348632812e-01
1.940438747406005859e-01
1.933834552764892578e-01
1.569499969482421875e-01
2.063980102539062500e-01
1.513140201568603516e-01
1.695089340209960938e-01
1.853795051574707031e-01
1.907439231872558594e-01
1.902296543121337891e-01
1.708934307098388672e-01
1.747312545776367188e-01
1.576857566833496094e-01
1.499590873718261719e-01
1.564142704010009766e-01
1.953701972961425781e-01
2.030537128448486328e-01
1.650917530059814453e-01
1.566393375396728516e-01
1.555063724517822266e-01
1.608679294586181641e-01
1.380360126495361328e-01
1.742341518402099609e-01
1.485517024993896484e-01
1.527543067932128906e-01
1.679060459136962891e-01
1.564629077911376953e-01
1.497359275817871094e-01
1.830737590789794922e-01
2.443273067474365234e-01
1.467943191528320312e-01
2.004537582397460938e-01
1.405048370361328125e-01
1.783332824707031250e-01
1.612408161163330078e-01
1.734356880187988281e-01
1.699893474578857422e-01
1.578176021575927734e-01
1.514086723327636719e-01
1.689379215240478516e-01
2.089715003967285156e-01
1.476218700408935547e-01
1.522092819213867188e-01
1.446268558502197266e-01
1.506750583648681641e-01
1.469609737396240234e-01
1.486041545867919922e-01
1.920015811920166016e-01
1.478526592254638672e-01
1.501979827880859375e-01
1.729428768157958984e-01
1.863460540771484375e-01
1.649222373962402344e-01
1.778523921966552734e-01
3.745648860931396484e-01
4.295434951782226562e-01
2.438340187072753906e-01
1.687242984771728516e-01
1.685545444488525391e-01
2.001571655273437500e-01
2.947752475738525391e-01
1.591005325317382812e-01
1.552217006683349609e-01
1.525635719299316406e-01
1.510679721832275391e-01
1.941196918487548828e-01
1.586716175079345703e-01
1.802384853363037109e-01
1.823935508728027344e-01
1.541583538055419922e-01
1.709027290344238281e-01
1.789479255676269531e-01
1.532554626464843750e-01
1.532702445983886719e-01
1.611144542694091797e-01
1.598987579345703125e-01
1.927726268768310547e-01
1.586303710937500000e-01
1.679439544677734375e-01
2.522270679473876953e-01
1.643290519714355469e-01
1.405293941497802734e-01
1.572237014770507812e-01
1.654999256134033203e-01
1.968042850494384766e-01
1.669824123382568359e-01
1.466434001922607422e-01
1.639182567596435547e-01
1.444001197814941406e-01
1.407165527343750000e-01
1.541478633880615234e-01
1.575553417205810547e-01
1.668429374694824219e-01
1.617071628570556641e-01
1.549251079559326172e-01
2.033472061157226562e-01
1.956136226654052734e-01
1.591753959655761719e-01
2.403869628906250000e-01
1.518414020538330078e-01
1.620955467224121094e-01
1.770799160003662109e-01
2.002170085906982422e-01
1.914091110229492188e-01
1.481602191925048828e-01
1.554846763610839844e-01
1.736695766448974609e-01
1.505129337310791016e-01
1.476345062255859375e-01
1.516120433807373047e-01
1.439292430877685547e-01
1.794204711914062500e-01
1.618838310241699219e-01
1.586637496948242188e-01
1.783797740936279297e-01
1.595537662506103516e-01
1.461620330810546875e-01
1.602649688720703125e-01
1.759188175201416016e-01
1.656575202941894531e-01
1.702585220336914062e-01
2.144162654876708984e-01
1.681449413299560547e-01
1.715922355651855469e-01
1.598434448242187500e-01
1.496171951293945312e-01
1.699428558349609375e-01
1.551122665405273438e-01
1.703181266784667969e-01
2.053349018096923828e-01
1.727273464202880859e-01
1.720459461212158203e-01
1.521246433258056641e-01
1.683108806610107422e-01
1.752681732177734375e-01
1.589407920837402344e-01
1.722471714019775391e-01
1.673665046691894531e-01
2.275784015655517578e-01
1.855859756469726562e-01
2.139472961425781250e-01
1.840374469757080078e-01
2.070133686065673828e-01
2.320415973663330078e-01
1.760685443878173828e-01
1.605169773101806641e-01
1.695282459259033203e-01
1.624171733856201172e-01
1.463999748229980469e-01
2.043545246124267578e-01
1.726973056793212891e-01
1.519281864166259766e-01
1.716187000274658203e-01
1.418612003326416016e-01
1.661632061004638672e-01
1.667454242706298828e-01
1.943473815917968750e-01
1.429817676544189453e-01
1.706824302673339844e-01
1.320769786834716797e-01
1.735157966613769531e-01
2.134506702423095703e-01
1.600265502929687500e-01
1.742718219757080078e-01
1.534409523010253906e-01
1.547124385833740234e-01
1.598622798919677734e-01
1.842572689056396484e-01
1.416156291961669922e-01
1.423938274383544922e-01
1.550855636596679688e-01
1.531767845153808594e-01
1.425719261169433594e-01
2.197854518890380859e-01
1.614243984222412109e-01
1.807498931884765625e-01
1.767678260803222656e-01
1.579229831695556641e-01
1.754603385925292969e-01
1.419243812561035156e-01
1.691884994506835938e-01
1.395781040191650391e-01
1.637883186340332031e-01
2.207226753234863281e-01
1.473960876464843750e-01
1.474854946136474609e-01
1.652839183807373047e-01
1.536438465118408203e-01
1.596474647521972656e-01
1.503894329071044922e-01
1.716823577880859375e-01
1.509728431701660156e-01
1.607391834259033203e-01
1.753401756286621094e-01
1.903238296508789062e-01
1.536984443664550781e-01
1.453802585601806641e-01
1.587300300598144531e-01
1.660993099212646484e-01
1.470334529876708984e-01
1.470952033996582031e-01
1.507644653320312500e-01
1.545298099517822266e-01
1.841216087341308594e-01
1.422932147979736328e-01
2.208399772644042969e-01
2.187197208404541016e-01
1.813507080078125000e-01
1.736462116241455078e-01
1.604287624359130859e-01
1.961035728454589844e-01
1.510517597198486328e-01
1.767210960388183594e-01
1.527070999145507812e-01
1.403534412384033203e-01
1.639318466186523438e-01
1.736869812011718750e-01
1.498019695281982422e-01
1.664767265319824219e-01
1.566376686096191406e-01
1.675188541412353516e-01
1.692488193511962891e-01
1.373963356018066406e-01
1.469342708587646484e-01
1.440374851226806641e-01
